$ANSIBLE_VAULT;1.1;AES256
37333963623331393634643663633764363963623031336463356235623764373062316461643638
3135363236376661393737333533326161333839373363350a626463613737326539313631616637
62393939663935383661373638626635383738323265313039393433376161396636313937373238
3864646135666138610a313166656565666638323162313264313137383063336534346638386134
36333533353330656435636664363132323538653536633463353239383935303532646336363833
37396531663832303130393162613732383762313433613962616533356139313639353861363636
65343733356165633338373136343531613463336162666561306531366439376463653531396134
37376238316537663731623335623962666439303539396439356131343538663030643339633962
33326234336362363962326164383538376366383230656366373834306230646262636261383665
63326434366462393361323163343033626435393539663430316336313233623763326539333739
31326462303966616239313736313939623065353661386432386533633831303537313464656330
63656136346262356234386361333830323364316432316362333437323461303933303034333037
31333366626535303731316464653065383665393063623766626333643637366539363666366133
64316266643837353230393233313266303965393961383430306538383632366237653061666365
35373634636133623132316162396536303931636239396130323066323038373462353661663934
39336362346638356332653466313661313035333030393338303164636535363565306439666232
37343233623737393766333432643731353639303065363035353064663133636331396234363665
64633531656462313331623931383036616139366562373130306261366264323730656364363634
32646139653633366634373534616565313862333063343066383264303331653861343464386561
39623135663564663938356338356430396135323332333262323735393533636333643837383863
32396665323530353262616531306364396535316264323231363163386339376563336562326566
36633938383531326536653334363031626463626162373763363261656462303566616438373763
34636530626666306533623138386662343934353934656465396532383461663761306337383266
35626665333766353864343762376435656239633763313334663632353533336437633237653438
61663161643666356332346362653363333338626438616562616438386436633562633161613530
66313966393831646163633262343166393131623839393862616336633362643464333038663762
31343962613761326437613333393136323234313735396131363265303933383436653433386461
33633330353763303762353266656635376131633264663039343166643030653563303639303462
33333566383766376338653663393332346563323830636532313437643836393130383262633862
63323162373661666236626632653039313963633331633466666636623835386566646430653830
34666630323630636238393164373432383232353638626331363761633861636563623436356139
31383530323632656334636665643032333637626133306664623738613738653732626161626531
64366130613436653939356161633232393363313765623763346338343533643738323261626533
34306466636332643139336637333466646361613565376533643833336437303561393233306132
30356436343533656238376564373130613134376534653131613933386138383834666632663963
38333864333235633466363161353932633338626635613036356662386332633538346464336232
63393461633738393161316630393337663665313863383266323766623838343965343135636133
65306131343762303230393361303336343731626535623265646663633335313232633262393834
65316666663730393833643164353233353639333939636465313237343637373836346164613862
32653963346236643935616165313963646334316536623238626663653962323662363539643837
31393733623433666165366463366231366136663062626565643861633836316234386334663034
31366238366239623036346130333938633237666638356534313464373938356437626263373663
63666462323932313836396138353933663138653035613465386561356338323765646462393965
63623233356238306363336537316561323633623733316232656636303363343365646465653665
65353630626632663637653862636235353037323636353036623439616465383764626238333239
31393735353830336463376130643139643531646639393733306531353265643239353936393033
65643630373831316631363831393665386262336632646633306162393766653662636130666432
35613732376435393539626662343930333035303731353936396335323566363239393731633339
33383336613935633231666330313763363331366663303433656563353430653333303964356339
38383235346164613063363662386666326465373465353163613862333663353834656235343764
34653933336330653537663833646136613830643538646431343633636566623330303335616638
33313538386230353935336532623039303066376233666636333932313233383765373436376136
36383861313038643335623934616538333962336463303136336636353561633635323433623130
34613862346362376531663264636238643736353136383435333336643135653866613937393461
34316233313636636439353136636266363664303932386339356162656239663135653962326532
34663639356438396564393234663031326333376663373465393636613039633164313434613631
31346163633363653039663432376434366533343336313837313439646262666338663339656464
61326433326232666566353665366430363534333363643364346531653330373232376136336436
38326434666262626330333738393031393065316236353232613761643833383930353964623666
39333037303364663835633466326232303631326561653766623937613431306335663066343834
65623562386231663766323364353461306136353232613233303037383637623961626435396662
61323932636166323137376639383839393263656237666661313866393039623065316161333030
62636437373262366530356533306339643436663066306534666535306434633235613836333634
61313136303433333762656134396439623364353831633333626536326262383831323137633531
37386139633334313336333437393063336436633731613631653664346433313439613439326562
62363761623363653463393263376139653663326530323736343635316538333030316361376163
64393465626462636335326564636533343630363538306234623864326332326237343761313130
32343537346465643430383666313032393662666135326333346266623839386461376433616630
33313237623161363363666335356634623565333531633436306630313138633834303737323635
61613731346361363232393530666230623066303332363336376335393135393137666232666239
63376565646561663035373435303936656535663235633662313564353234313032636134396135
64393466633131633132333438386264636131346335623633363833303866336330666662303536
64353964326631333161363666623136333133633636316563646262313636323531663266616435
38626532353933663162303465636639363763636435643735396137666435383936616464373836
62346438303933386631393934306361386164396663353038666464306562343439353237653738
61656661623239343666343963306130623437656239316437323562303537396330343937366261
61363831613464633239656430316161643563363732376138376466656533663933616565376161
65303763623133613065323965643762396233383565353438656130393633333962656333356631
64613737306366333931653130613062353830303162656266383337643332643038396539363436
65323132666536663032393038333363633062373962633935623134333832656265316633363964
64386461353339666431666632656630316263333435386230643164633334333963333262653931
31613965373364623534363632393163626439613366306537666336343934316135373035326531
38353765663562376364626536666539633064323233336563393264343536393738373361626430
30326230636537316264333638376463393030613935356533646536333635353666623837396264
31313562323866336139373138323564333262323566383166396230643761396638646666346135
65613933326161383733623130343635346537613430306438306639303831613239656333386231
30313065653734656339613838393164383766363136346635313431613266353132613036626639
37656265633830633135393265343838616631323936323633306236356539613733613835313764
64653562616630306535343663633733313430353064663361303136343931626337353533356330
34663162326230656534313861313539643166343464323164653065316365346236306639633133
33636434393561646266633262333137646161643166666666393637643337666539336164623666
30393636306562386564373366313236393635623839313531343362653566333934383932666139
31636439333563393235613162643163626261636433343130633939643966643530633039393639
39623864393537323263633432366164333932326633373165393334383763383639633531633636
63396533393239363561626638643866303061333038626631323866376262623835373136386337
32643639323535336535623032333461393661393563346633303965326565333561643731316664
37663631323830346635346164616132313637626137373132323937393161346466626366653233
61656433613833336435636236383937383839666531383762323530653539386531356230646436
30373030396536616335366365313437633564333032306165326332653230343864303561656166
61636564316463663261333962303165393166663561303838613836343635363133626362346531
38633762656437633338646263306538653930313635616261663861346437656466
